     0.000      -0.000000      -0.000000
   200.000       0.000000       0.000000
   206.667       0.000000       0.000000
   213.333       0.000000       0.000000
   220.000       0.000000       0.000000
   226.667       0.000000       0.000000
   233.333       0.000000       0.000000
   240.000       0.000000       0.000000
   246.667       0.000000       0.000000
   253.333       0.000000       0.000000
   260.000       0.000000       0.000000
   266.667       0.000000       0.000000
   273.333       0.000000       0.000000
   280.000       0.000000       0.000000
   286.667       0.000000       0.000000
   293.333       0.000000       0.000000
   300.000       0.000000       0.000000
   306.667       0.000000       0.000000
   313.333       0.000000       0.000000
   320.000       0.000000       0.000000
   326.667       0.000000       0.000000
   333.333       0.000000       0.000000
   340.000       0.000000       0.000000
   346.667       0.000000       0.000000
   353.333       0.000000       0.000000
   360.000       0.000000       0.000000
   366.667       0.000000       0.000000
   373.333       0.000000       0.000000
   380.000       0.000000       0.000000
   386.667       0.000000       0.000000
   393.333       0.000000       0.000000
   400.000       0.000000       0.000000
   406.667       0.000000       0.000000
   413.333       0.000000       0.000000
   420.000       0.000000       0.000000
   426.667       0.000000       0.000000
   433.333       0.000000       0.000000
   440.000       0.000000       0.000000
   446.667       0.000000       0.000000
   453.333       0.000000       0.000000
   460.000       0.000000       0.000000
   466.667       0.000000       0.000000
   473.333       0.000000       0.000000
   480.000       0.000000       0.000000
   486.667       0.000000       0.000000
   493.333       0.000000       0.000000
   500.000       0.000000       0.000000
   506.667       0.000000       0.000000
   513.333       0.000000       0.000000
   520.000       0.000000       0.000000
   526.667       0.000000       0.000000
   533.333       0.000000       0.000000
   540.000       0.000000       0.000000
   546.667       0.000000       0.000000
   553.333       0.000000       0.000000
   560.000       0.000000       0.000000
   566.667       0.000000       0.000000
   573.333       0.000000       0.000000
   580.000       0.000000       0.000000
   586.667       0.000000       0.000000
   593.333       0.000000       0.000000
   600.000       0.000000       0.000000
   606.667       0.000000       0.000000
   613.333       0.000000       0.000000
   620.000       0.000000       0.000000
   626.667       0.000000       0.000000
   633.333       0.000000       0.000000
   640.000       0.000000       0.000000
   646.667       0.000000       0.000000
   653.333       0.000000       0.000000
   660.000       0.000000       0.000000
   666.667       0.000000       0.000000
   673.333       0.000000       0.000000
   680.000       0.000000       0.000000
   686.667       0.000000       0.000000
   693.333       0.000000       0.000000
   700.000       0.000000       0.000000
   706.667       0.000000       0.000000
   713.333       0.000000       0.000000
   720.000       0.000000       0.000000
   726.667       0.000000       0.000000
   733.333       0.000000       0.000000
   740.000       0.000000       0.000000
   746.667       0.000000       0.000000
   753.333       0.000000       0.000000
   760.000       0.000000       0.000000
   766.667       0.000000       0.000000
   773.333       0.000000       0.000000
   780.000       0.000000       0.000000
   786.667       0.000000       0.000000
   793.333       0.000000       0.000000
   800.000       0.000000       0.000000
   806.667       0.000000       0.000000
   813.333       0.000000       0.000000
   820.000       0.000000       0.000000
   826.667       0.000000       0.000000
   833.333       0.000000       0.000000
   840.000       0.000000       0.000000
   846.667       0.000000       0.000000
   853.333       0.000000       0.000000
   860.000       0.000000       0.000000
   866.667       0.000000       0.000000
   873.333       0.000000       0.000000
   880.000       0.000000       0.000000
   886.667       0.000000       0.000000
   893.333       0.000000       0.000000
   900.000       0.000000       0.000000
   906.667       0.000000       0.000000
   913.333       0.000000       0.000000
   920.000       0.000000       0.000000
   926.667       0.000000       0.000000
   933.333       0.000000       0.000000
   940.000       0.000000       0.000000
   946.667       0.000000       0.000000
   953.333       0.000000       0.000000
   960.000       0.000000       0.000000
   966.667       0.000000       0.000000
   973.333       0.000000       0.000000
   980.000       0.000000       0.000000
   986.667       0.000000       0.000000
   993.333       0.000000       0.000000
  1000.000       0.000000       0.000000
  1006.667       0.000000       0.000000
  1013.333       0.000000       0.000000
  1020.000       0.000000       0.000000
  1026.667       0.000000       0.000000
  1033.333       0.000000       0.000000
  1040.000       0.000000       0.000000
  1046.667       0.000000       0.000000
  1053.333       0.000000       0.000000
  1060.000       0.000000       0.000000
  1066.667       0.000000       0.000000
  1073.333       0.000000       0.000000
  1080.000       0.000000       0.000000
  1086.667            NaN       0.000000
  1093.333       0.000000       0.000000
  1100.000       0.000000       0.000000
  1106.667       0.000000       0.000000
  1113.333       0.000000       0.000000
  1120.000       0.000000       0.000000
  1126.667       0.000000       0.000000
  1133.333       0.000000       0.000000
  1140.000       0.000000       0.000000
  1146.667       0.000000       0.000000
  1153.333       0.000000       0.000000
  1160.000       0.000000       0.000000
  1166.667       0.000000       0.000000
  1173.333       0.000000       0.000000
  1180.000       0.000000       0.000000
  1186.667       0.000000       0.000000
  1193.333       0.000000       0.000000
  1200.000       0.000000       0.000000
  1206.667       0.000000       0.000000
  1213.333       0.000000       0.000000
  1220.000       0.000000       0.000000
  1226.667       0.000000       0.000000
  1233.333       0.000000       0.000000
  1240.000       0.000000       0.000000
  1246.667       0.000000       0.000000
  1253.333       0.000000       0.000000
  1260.000       0.000000       0.000000
  1266.667       0.000000       0.000000
  1273.333       0.000000       0.000000
  1280.000       0.000000       0.000000
  1286.667       0.000000       0.000000
  1293.333       0.000000       0.000000
  1300.000       0.000000       0.000000
  1306.667       0.000000       0.000000
  1313.333       0.000000       0.000000
  1320.000       0.000000       0.000000
  1326.667       0.000000       0.000000
  1333.333       0.000000       0.000000
  1340.000       0.000000       0.000000
  1346.667       0.000000       0.000000
  1353.333       0.000000       0.000000
  1360.000       0.000000       0.000000
  1366.667       0.000000       0.000000
  1373.333       0.000000       0.000000
  1380.000       0.000000       0.000000
  1386.667       0.000000       0.000000
  1393.333       0.000000       0.000000
  1400.000       0.000000       0.000000
  1406.667       0.000000       0.000000
  1413.333       0.000000       0.000000
  1420.000       0.000000       0.000000
  1426.667       0.000000       0.000000
  1433.333       0.000000       0.000000
  1440.000       0.000000       0.000000
  1446.667       0.000000       0.000000
  1453.333       0.000000       0.000000
  1460.000       0.000000       0.000000
  1466.667       0.000000       0.000000
  1473.333       0.000000       0.000000
  1480.000       0.000000       0.000000
  1486.667       0.000000       0.000000
  1493.333       0.000000       0.000000
  1500.000       0.000000       0.000000
  1506.667       0.000000       0.000000
  1513.333       0.000000       0.000000
  1520.000       0.000000       0.000000
  1526.667       0.000000       0.000000
  1533.333       0.000000       0.000000
  1540.000       0.000000       0.000000
  1546.667       0.000000       0.000000
  1553.333       0.000000       0.000000
  1560.000       0.000000       0.000000
  1566.667       0.000000       0.000000
  1573.333       0.000000       0.000000
  1580.000       0.000000       0.000000
  1586.667       0.000000       0.000000
  1593.333       0.000000       0.000000
  1600.000       0.000000       0.000000
  1606.667       0.000000       0.000000
  1613.333       0.000000       0.000000
  1620.000       0.000000       0.000000
  1626.667       0.000000       0.000000
  1633.333       0.000000       0.000000
  1640.000       0.000000       0.000000
  1646.667       0.000000       0.000000
  1653.333       0.000000       0.000000
  1660.000       0.000000       0.000000
  1666.667       0.000000       0.000000
  1673.333       0.000000       0.000000
  1680.000       0.000000       0.000000
  1686.667       0.000000       0.000000
  1693.333       0.000000       0.000000
  1700.000       0.000000       0.000000
  1706.667       0.000000       0.000000
  1713.333       0.000000       0.000000
  1720.000       0.000000       0.000000
  1726.667       0.000000       0.000000
  1733.333       0.000000       0.000000
  1740.000       0.000000       0.000000
  1746.667       0.000000       0.000000
  1753.333       0.000000       0.000000
  1760.000       0.000000       0.000000
  1766.667       0.000000       0.000000
  1773.333       0.000000       0.000000
  1780.000       0.000000       0.000000
  1786.667       0.000000       0.000000
  1793.333       0.000000       0.000000
  1800.000       0.000000       0.000000
  1806.667       0.000000       0.000000
  1813.333       0.000000       0.000000
  1820.000       0.000000       0.000000
  1826.667       0.000000       0.000000
  1833.333       0.000000       0.000000
  1840.000       0.000000       0.000000
  1846.667       0.000000       0.000000
  1853.333       0.000000       0.000000
  1860.000       0.000000       0.000000
  1866.667       0.000000       0.000000
  1873.333       0.000000       0.000000
  1880.000       0.000000       0.000000
  1886.667       0.000000       0.000000
  1893.333       0.000000       0.000000
  1900.000       0.000000       0.000000
  1906.667       0.000000       0.000000
  1913.333       0.000000       0.000000
  1920.000       0.000000       0.000000
  1926.667       0.000000       0.000000
  1933.333       0.000000       0.000000
  1940.000       0.000000       0.000000
  1946.667       0.000000       0.000000
  1953.333       0.000000       0.000000
  1960.000       0.000000       0.000000
  1966.667       0.000000       0.000000
  1973.333       0.000000       0.000000
  1980.000       0.000000       0.000000
  1986.667       0.000000       0.000000
  1993.333       0.000000       0.000000
  2000.000       0.000000       0.000000
  2006.667       0.000000       0.000000
  2013.333       0.000000       0.000000
  2020.000       0.000000       0.000000
  2026.667       0.000000       0.000000
  2033.333       0.000000       0.000000
  2040.000       0.000000       0.000000
  2046.667       0.000000       0.000000
  2053.333       0.000000       0.000000
  2060.000       0.000000       0.000000
  2066.667       0.000000       0.000000
  2073.333       0.000000       0.000000
  2080.000       0.000000       0.000000
  2086.667       0.000000       0.000000
  2093.333       0.000000       0.000000
  2100.000       0.000000       0.000000
  2106.667       0.000000       0.000000
  2113.333       0.000000       0.000000
  2120.000       0.000000       0.000000
  2126.667       0.000000       0.000000
  2133.333       0.000000       0.000000
  2140.000       0.000000       0.000000
  2146.667       0.000000       0.000000
  2153.333       0.000000       0.000000
  2160.000       0.000000       0.000000
  2166.667       0.000000       0.000000
  2173.333       0.000000       0.000000
  2180.000       0.000000       0.000000
  2186.667       0.000000       0.000000
  2193.333       0.000000       0.000000
  2200.000       0.000000       0.000000
  2206.667       0.000000       0.000000
  2213.333       0.000000       0.000000
  2220.000       0.000000       0.000000
  2226.667       0.000000       0.000000
  2233.333       0.000000       0.000000
  2240.000       0.000000       0.000000
  2246.667       0.000000       0.000000
  2253.333       0.000000       0.000000
  2260.000       0.000000       0.000000
  2266.667       0.000000       0.000000
  2273.333       0.000000       0.000000
  2280.000       0.000000       0.000000
  2286.667       0.000000       0.000000
  2293.333       0.000000       0.000000
  2300.000       0.000000       0.000000
  2306.667       0.000000       0.000000
  2313.333       0.000000       0.000000
  2320.000       0.000000       0.000000
  2326.667       0.000000       0.000000
  2333.333       0.000000       0.000000
  2340.000       0.000000       0.000000
  2346.667       0.000000       0.000000
  2353.333       0.000000       0.000000
  2360.000       0.000000       0.000000
  2366.667       0.000000       0.000000
  2373.333       0.000000       0.000000
  2380.000       0.000000       0.000000
  2386.667       0.000000       0.000000
  2393.333       0.000000       0.000000
  2400.000       0.000000       0.000000
  2406.667       0.000000       0.000000
  2413.333       0.000000       0.000000
  2420.000       0.000000       0.000000
  2426.667       0.000000       0.000000
  2433.333       0.000000       0.000000
  2440.000       0.000000       0.000000
  2446.667       0.000000       0.000000
  2453.333       0.000000       0.000000
  2460.000       0.000000       0.000000
  2466.667       0.000000       0.000000
  2473.333       0.000000       0.000000
  2480.000       0.000000       0.000000
  2486.667       0.000000       0.000000
  2493.333       0.000000       0.000000
  2500.000       0.000000       0.000000
  2506.667       0.000000       0.000000
  2513.333       0.000000       0.000000
  2520.000       0.000000       0.000000
  2526.667       0.000000       0.000000
  2533.333       0.000000       0.000000
  2540.000       0.000000       0.000000
  2546.667       0.000000       0.000000
  2553.333       0.000000       0.000000
  2560.000       0.000000       0.000000
  2566.667       0.000000       0.000000
  2573.333       0.000000       0.000000
  2580.000       0.000000       0.000000
  2586.667       0.000000       0.000000
  2593.333       0.000000       0.000000
  2600.000       0.000000       0.000000
  2606.667       0.000000       0.000000
  2613.333       0.000000       0.000000
  2620.000       0.000000       0.000000
  2626.667       0.000000       0.000000
  2633.333       0.000000       0.000000
  2640.000       0.000000       0.000000
  2646.667       0.000000       0.000000
  2653.333       0.000000       0.000000
  2660.000       0.000000       0.000000
  2666.667       0.000000       0.000000
  2673.333       0.000000       0.000000
  2680.000       0.000000       0.000000
  2686.667       0.000000       0.000000
  2693.333       0.000000       0.000000
  2700.000       0.000000       0.000000
  2706.667       0.000000       0.000000
  2713.333       0.000000       0.000000
  2720.000       0.000000       0.000000
  2726.667       0.000000       0.000000
  2733.333       0.000000       0.000000
  2740.000       0.000000       0.000000
  2746.667       0.000000       0.000000
  2753.333       0.000000       0.000000
  2760.000       0.000000       0.000000
  2766.667       0.000000       0.000000
  2773.333       0.000000       0.000000
  2780.000       0.000000       0.000000
  2786.667       0.000000       0.000000
  2793.333       0.000000       0.000000
  2800.000       0.000000       0.000000
  2806.667       0.000000       0.000000
  2813.333       0.000000       0.000000
  2820.000       0.000000       0.000000
  2826.667       0.000000       0.000000
  2833.333       0.000000       0.000000
  2840.000       0.000000       0.000000
  2846.667       0.000000       0.000000
  2853.333       0.000000       0.000000
  2860.000       0.000000       0.000000
  2866.667       0.000000       0.000000
  2873.333       0.000000       0.000000
  2880.000       0.000000       0.000000
  2886.667       0.000000       0.000000
  2893.333       0.000000       0.000000
  2900.000       0.000000       0.000000
  2906.667       0.000000       0.000000
  2913.333       0.000000       0.000000
  2920.000       0.000000       0.000000
  2926.667       0.000000       0.000000
  2933.333       0.000000       0.000000
  2940.000       0.000000       0.000000
  2946.667       0.000000       0.000000
  2953.333       0.000000       0.000000
  2960.000       0.000000       0.000000
  2966.667       0.000000       0.000000
  2973.333       0.000000       0.000000
  2980.000       0.000000       0.000000
  2986.667       0.000000       0.000000
  2993.333       0.000000       0.000000
  3000.000       0.000000       0.000000
