000000  15A 1000 0 0 0 0  1  9  1  0  1  1 14  1   3  0.53 1000.0   5.2    0.0  0.01        <b>    <b>  CQ JF9SOM PM86
000000  15A 1000 0 0 0 0  1  9  1  0  1  1 14  1   3  0.53 1000.0   5.2    0.0  0.01        <b>    <b>  CQ JF9SOM PM86
000000  15A 1000 0 0 0 0  1  9  1  0  1  1 14  1   3  0.53 1000.0   5.2    0.0  0.01        <b>    <b>  CQ JF9SOM PM86
000000  15A 1000 0 0 0 0  1  9  1  0  1  1 14  1   3  0.53 1000.0   5.2    0.0  0.01        <b>    <b>  CQ JF9SOM PM86
000000  15A 1000 0 0 0 0  1  9  1  0  1  1 14  1   3  0.53 1000.0   5.2    0.0  0.01        <b>    <b>  CQ JF9SOM PM86
000000  15A 1000 0 0 0 0  1  9  1  0  1  1 14  1   3  0.53 1000.0   5.2    0.0  0.01        <b>    <b>  CQ JF9SOM PM86
000000  15A 1000 0 0 0 0  1  9  1  0  1  1 14  1   3  0.53 1000.0   5.2    0.0  0.01        <b>    <b>  CQ JF9SOM PM86
000000  15A 1000 0 0 0 0  1  9  1  0  1  1 14  1   3  0.53 1000.0   5.2    0.0  0.01        <b>    <b>  CQ JF9SOM PM86
000000  15A 1000 0 0 0 0  1  9  1  0  1  1 14  1   3  0.53 1000.0   5.2    0.0  0.01        <b>    <b>  CQ JF9SOM PM86
000000  15A 1000 0 0 0 0  1  9  1  0  1  1 14  1   3  0.53 1000.0   5.2    0.0  0.01        <b>    <b>  CQ JF9SOM PM86
000000  15A 1000 0 0 0 0  1  9  1  0  1  1 14  1   3  0.53 1000.0   5.2    0.0  0.01        <b>    <b>  CQ JF9SOM PM86
000000  15A 1000 0 0 0 0  1  9  1  0  1  1 14  1   3  0.53 1000.0   5.2    0.0  0.01        <b>    <b>  CQ JF9SOM PM86
